132692
221048
326489
161888
288929
344145
359770
380086
195792
310166
90622
391564
9136
218945
70026
176604
50326
168824
67244
57782
395624
77494
264932
138084
293472
263139
144656
210639
320854
293884
308126
122503
311104
257908
316044
373559
111094
45084
289270
242782
212876
85418
1980
124727
104975
34757
54041
310799
373175
362866
155703
290894
350424
280661
257699
303094
306991
364171
263374
78725
141184
383324
161041
319697
204503
250133
166115
362748
170212
395741
258197
183742
238312
328542
109726
54628
96135
71696
200482
340520
355470
134339
79775
359395
299302
95557
129853
228144
91985
372137
309833
30768
376389
118251
270390
299663
312514
263521
240445
217343
120181
89406
82511
262880
227794
187098
365939
58448
146110
177021
10562
169730
167352
315496
336911
174676
370582
321368
378850
333616
133729
265579
189394
392809
362891
233275
82722
256418
298874
280972
274371
127818
177693
384088
110535
64323
9049
151225
243978
333171
118821
276890
6577
83748
183369
356749
35280
146480
91021
115353
102507
360450
113651
335302
73072
151068
374520
125106
45479
191734
137629
126571
158497
97853
34372
224786
399341
142186
147415
125084
10243
250224
29614
107692
145527
147047
52943
154459
267404
345365
6027
27399
340058
226232
96287
194138
225423
353020
304480
227582
51303
271207
121463
36453
20496
106868
210165
187174
131569
104691
285015
128268
130578
300657
345498
395664
32519
283427
167866
72240
79611
184923
236454
7832
288037
73627
376585
234338
64690
188330
47220
267071
222651
172584
48900
132276
151498
14092
198700
89416
265733
341322
222469
221000
57025
69989
38195
212030
226245
71397
124723
384668
209210
15790
284593
296101
130568
282897
341918
118069
364803
199430
235723
338334
97377
212406
143049
155434
123044
308680
208889
260625
354942
174915
125754
33461
309716
161069
347117
279998
84769
336394
320701
258467
91863
246491
123111
140295
170947
360106
291351
38313
122453
149284
95608
185294
332277
200396
186337
210783
259421
370343
110687
157512
358526
97952
51764
264892
283605
369915
158120
229959
347113
142114
343523
132287
310161
152521
195074
385302
226207
150347
249358
213709
316664
364272
43680
253439
102001
55457
250316
105179
398463
112048
297246
66565
42373
274796
223483
373896
96007
394307
318499
108248
263576
82982
71923
361608
267058
309674
208442
367646
295843
145134
119638
293252
207662
206144
252374
68015
271327
294034
67625
115364
36559
75607
332215
356514
225545
266984
323466
286421
126129
135004
61443
94237
65539
387858
5051
282237
248179
343967
399499
223398
343753
320056
91607
266327
310655
292186
232567
202223
192466
131848
309461
376857
354758
304222
68778
296717
129158
269266
69173
218423
263292
14013
377954
137157
7971
72827
986
212040
241580
302671
203209
125336
50558
375616
57231
266815
373932
75632
74042
109005
32470
166546
165273
28747
91508
352614
134940
81866
164846
54789
168011
314790
158052
241350
126945
387010
210454
160835
248806
198565
280290
147858
159082
88154
88700
366410
83402
14789
130227
301512
298648
245076
311734
180820
282838
76889
250020
238671
271972
387463
27237
237646
55327
195331
254907
147053
254868
66373
341773
356725
259015
142037
168832
273174
176629
163441
374505
341771
94775
280250
232035
20339
74618
101672
256531
27889
301783
178656
78038
194048
369270
324305
56447
69553
359831
15623
105986
88238
326783
84074
134314
378553
50657
379539
149147
51510
314073
76606
345013
8282
80709
324121
390551
52566
350872
222452
120514
67449
256791
103300
324145
306370
335941
12522
364765
133387
379737
297223
377485
25812
348176
159211
91106
328647
41481
150248
339064
128951
364132
276358
255797
262486
115401
237491
90049
17616
87837
97766
345655
345501
120753
61320
355673
324121
272262
14525
108784
301766
341271
74698
150669
182810
132556
395519
216491
98637
397769
166121
4892
78587
196258
107461
232983
372816
173351
189621
223515
367664
218052
271632
354070
312391
120207
82190
178180
249391
195788
397351
131176
192027
272073
200409
217051
103942
238440
367922
341946
24749
299393
360624
228416
175389
387939
328051
101724
182202
192047
281521
92904
235007
94375
31812
198129
388485
353242
33052
340563
353556
11016
24714
387084
85655
257022
185505
281049
241500
326940
219027
152339
215467
27478
2770
82985
291775
345073
294973
245989
311660
118309
232099
47584
219017
230310
57439
105722
130851
132987
215203
125121
146087
21884
88816
207075
15023
19332
33368
71639
258014
191787
241288
201697
181531
52039
80523
311558
214887
202547
267574
91851
108107
128857
178355
5453
251734
296389
384260
373833
318983
303692
27550
271811
300478
221738
92616
197176
211986
274782
21907
371566
388457
26555
23103
93347
251760
170299
45438
209753
176246
118717
343726
60190
325656
77556
356306
99342
370073
375057
229188
388013
193473
42271
342662
398488
116449
331796
394944
228613
240640
55284
368359
158408
223432
126902
125280
278865
160792
253892
40072
163486
148861
92254
396651
228381
204123
169726
341495
359972
211815
329766
351616
381567
372758
108592
91150
149419
87094
238631
27308
268481
369689
314688
195385
157929
90580
279084
101265
-999
-999
-999
-999
-999
-999
-999
-999
-999
-999
-999
-999
-999
-999
-999
-999
-999
-999
-999
-999
-999
-999
-999
-999
-999
-999
-999
-999
-999
-999
-999
-999
-999
-999
-999
-999
-999
-999
-999
-999
-999
-999
-999
-999
-999
-999
-999
-999
-999
-999
-999
-999
-999
-999
-999
-999
-999
-999
-999
-999
-999
-999
-999
-999
-999
-999
-999
-999
-999
-999
-999
-999
-999
-999
-999
-999
-999
-999
-999
-999
-999
-999
-999
-999
-999
-999
-999
-999
-999
-999
-999
-999
-999
-999
-999
-999
-999
-999
-999
-999
-999
-999
-999
-999
-999
-999
-999
-999
-999
-999
-999
-999
-999
-999
-999
-999
-999
-999
-999
-999
-999
-999
-999
-999
-999
-999
-999
-999
-999
-999
-999
-999
-999
-999
-999
-999
-999
-999
-999
-999
-999
-999
-999
-999
-999
-999
-999
-999
-999
-999
-999
-999
-999
-999
-999
-999
-999
-999
-999
-999
-999
-999
-999
-999
-999
-999
-999
-999
-999
-999
-999
-999
-999
-999
-999
-999
-999
-999
-999
-999
-999
-999
-999
-999
-999
-999
-999
-999
-999
-999
-999
-999
-999
-999
-999
-999
-999
-999
-999
-999
-999
-999
-999
-999
-999
-999
-999
-999
-999
-999
-999
-999
-999
-999
-999
-999
-999
-999
-999
-999
-999
-999
-999
-999
-999
-999
-999
-999
-999
-999
-999
-999
-999
-999
-999
-999
-999
-999
-999
-999
-999
-999
-999
-999
-999
-999
-999
-999
-999
-999
