242334
285542
63205
341896
55297
59356
146746
57280
122775
222388
110623
231030
378880
210088
135912
40274
354574
130489
302445
279229
142284
260356
118298
144083
110028
53763
27735
21038
147380
250399
218099
362564
247792
65119
17525
167184
167919
47934
230351
361167
247378
135124
261236
359944
230924
230351
74077
185928
44052
384326
44736
51997
304571
136229
306899
203538
196373
90744
196807
54643
297162
101627
313178
28475
236134
242735
199614
373047
213086
389670
255868
10878
161693
26793
328235
304910
151974
251381
150267
250513
127660
286011
89726
84499
209748
193416
176124
367406
41310
30272
169041
169775
44080
381303
97617
163499
165377
89295
119334
381081
299872
237783
266494
14070
129415
338457
8297
248320
267205
330458
64408
342372
73182
44797
137696
275386
66520
223035
389438
307052
5700
285537
103543
397971
204610
141017
176000
345844
348008
1430
280310
345266
245307
306861
302742
314240
150545
102808
16254
51743
376567
265195
117678
153109
77504
91085
167774
352485
315130
374148
183396
75236
351191
259609
196230
336944
330057
291071
349895
338606
78711
48273
229307
31629
215526
81163
197546
119680
308833
146897
352173
391430
110390
155777
333939
179467
8954
94999
391637
338244
77700
245792
207630
206543
282146
109162
356773
233176
207311
367891
360210
371637
146425
130958
59965
161873
192747
77447
357513
370732
295721
170791
55389
390751
396988
48853
57862
145614
360258
219332
185964
290248
275530
238821
65747
121606
326030
379701
130829
18181
152127
100848
345793
215093
230604
304586
127532
238842
357825
246729
118987
103513
100413
97218
46166
224710
169498
195285
6302
380593
303214
205143
70363
281847
94136
38711
200600
17328
259200
300555
24350
286951
110173
55991
48274
5442
172570
391943
174071
101520
170911
283922
202745
267934
276532
281371
227953
9834
303044
344490
327473
103570
281629
8622
325779
350637
387149
92102
136389
68226
357839
37296
367614
280708
203299
321580
108213
235323
63240
99248
253873
254489
30666
109106
393610
190932
392334
315693
283442
176152
289654
67669
135065
234463
55517
83863
49580
98699
181753
166517
101384
163181
123021
121116
310690
72763
19597
331869
94424
154261
319316
313415
219181
83867
182518
399734
224626
367428
137995
190084
127409
96313
340837
188331
364597
8055
69188
88502
87617
393536
183662
355191
272219
383111
29711
166882
394901
179093
76440
50702
99618
42920
204697
315566
283411
319412
15625
131338
278012
129726
138307
129068
60594
369975
16337
324205
197697
122215
239818
38292
101403
287941
163729
79264
212323
193702
226490
185342
376164
120747
247017
101637
25752
397793
2061
330236
243632
243686
397022
384422
164979
318968
76544
252764
79211
299970
274910
327992
10936
118578
37122
181293
364333
27182
98203
333930
359464
172050
248308
356738
353908
49655
171536
346306
284443
41979
144112
71760
103210
267141
328729
388123
371508
371445
25557
392690
220924
96903
270823
28110
373743
351964
366100
59681
93797
187818
150567
275242
89545
172063
57304
101274
9424
57563
48029
337378
239807
243264
292632
278735
315328
309580
52721
46096
152746
390529
139643
7809
325180
279019
336536
369779
374568
261084
124715
26411
137740
313142
231900
363937
352397
130329
348691
384576
399234
313638
341647
53852
317533
398476
74274
170219
147518
312929
259145
312804
148736
262047
107743
190641
314138
16368
69667
345676
144428
254774
391660
81689
164925
339838
27710
192986
301670
259320
12167
295171
130259
104643
255903
310909
239027
5045
225994
200765
397008
101962
329366
207775
249123
93144
343447
147008
327800
165159
262816
249112
138391
203664
122414
247243
38194
306839
92581
259719
186992
123516
246343
237429
113286
264640
291996
267531
64858
237961
149431
25898
277081
162700
165123
2005
261082
2826
160156
324687
156885
313617
191763
323746
136709
235614
106569
122463
107807
215186
314730
276827
322780
106859
345121
154205
10015
326722
99058
186991
42100
101611
73648
380118
198585
6726
283279
345350
341079
103068
302123
138458
269713
232908
286381
55383
165097
123905
132456
338834
196452
312279
350059
6527
338346
266120
88636
311157
315689
245984
48294
199092
263643
40489
245897
303231
263039
101667
83926
188672
110358
313672
54313
232521
330120
215968
90601
158300
174788
118746
300302
136543
121087
235571
33924
176911
312322
13184
29113
153032
163257
273689
41504
375032
371460
214278
143598
70377
150317
319343
14493
348647
226542
275498
195500
59520
301980
336896
260126
355255
67556
379247
196050
340922
44087
360434
302243
89892
23259
205399
266557
119749
392210
42891
266651
89856
243560
304065
161841
311349
368226
249079
76688
393638
324425
11886
311193
350751
328144
10533
52702
330824
343649
45740
284975
134766
47984
398835
295476
42959
104122
298124
309289
273592
129231
222781
1821
81672
371196
316365
263937
88199
331151
169049
230069
63396
160846
319469
363022
234618
352923
124128
185736
370160
138265
168134
212364
137162
104624
82891
185152
202835
259374
348759
334117
88778
119388
370533
90231
300152
262753
160591
378144
50377
39691
351743
308795
146712
155343
82893
343114
11348
364917
30911
62576
269715
-999
-999
-999
-999
-999
-999
-999
-999
-999
-999
-999
-999
-999
-999
-999
-999
-999
-999
-999
-999
-999
-999
-999
-999
-999
-999
-999
-999
-999
-999
-999
-999
-999
-999
-999
-999
-999
-999
-999
-999
-999
-999
-999
-999
-999
-999
-999
-999
-999
-999
-999
-999
-999
-999
-999
-999
-999
-999
-999
-999
-999
-999
-999
-999
-999
-999
-999
-999
-999
-999
-999
-999
-999
-999
-999
-999
-999
-999
-999
-999
-999
-999
-999
-999
-999
-999
-999
-999
-999
-999
-999
-999
-999
-999
-999
-999
-999
-999
-999
-999
-999
-999
-999
-999
-999
-999
-999
-999
-999
-999
-999
-999
-999
-999
-999
-999
-999
-999
-999
-999
-999
-999
-999
-999
-999
-999
-999
-999
-999
-999
-999
-999
-999
-999
-999
-999
-999
-999
-999
-999
-999
-999
-999
-999
-999
-999
-999
-999
-999
-999
-999
-999
-999
-999
-999
-999
-999
-999
-999
-999
-999
-999
-999
-999
-999
-999
-999
-999
-999
-999
-999
-999
-999
-999
-999
-999
-999
-999
-999
-999
-999
-999
-999
-999
-999
-999
-999
-999
-999
-999
-999
-999
-999
-999
-999
-999
-999
-999
-999
-999
-999
-999
-999
-999
-999
-999
-999
-999
-999
-999
-999
-999
-999
-999
-999
-999
-999
-999
-999
-999
-999
-999
-999
-999
-999
-999
-999
-999
-999
-999
-999
-999
-999
-999
-999
-999
-999
-999
-999
-999
-999
-999
-999
-999
-999
-999
-999
-999
-999
-999
